

position_a = 90
position_v = 90

xa_T= [4.287323678228567e-06 4.320981570786291e-06 4.314078425666421e-06 4.2701009004013745e-06 4.199244741286326e-06 4.118324296940507e-06 4.039554277222772e-06 3.967153707383029e-06 3.90218543159388e-06 3.844929946955249e-06 3.795494358778728e-06 3.7539612166975167e-06 3.7204311344679523e-06 3.6950387960882243e-06 3.6779615543528628e-06 3.6694259506328135e-06 3.669713909649604e-06 3.6791693190799515e-06 3.6982053639549167e-06 3.7273128709057194e-06 3.7670698860323644e-06 3.818152714955641e-06 3.881348676626342e-06 3.95757085692594e-06 4.047875191776551e-06 4.153480262092363e-06 4.275790244988041e-06 4.416421538146243e-06 4.57723365830577e-06 4.760365111785217e-06 4.968275046221768e-06 5.203791619714577e-06 5.470168167670506e-06 5.771148409993256e-06 6.111042122569338e-06 6.494812897369425e-06 6.928179833999267e-06 7.417735239874884e-06 7.971080662049147e-06 8.596983824054638e-06 9.305559285324472e-06 1.0108475863475232e-05 1.1019194039649038e-05 1.205323667535186e-05 1.3228496367706047e-05 1.4565582609616982e-05 1.6088211540002863e-05 1.7823640390356515e-05 1.9803147665101748e-05 2.206255852587283e-05 2.4642812660109764e-05 2.7590568966021028e-05 3.095883753625416e-05 3.4807624531784e-05 3.920456948330711e-05 4.422554725584118e-05 4.9955198346686845e-05 5.6487341449991894e-05 6.392521157944954e-05 7.238145605033459e-05 8.19778103639227e-05 9.284436863054263e-05 0.0001051183628992999 0.00011894238147020132 0.00013446200600852003 0.00015182296665120515 0.0001711681693385578 0.0001926354534188188 0.0002163578655149802 0.0002424698311215644 0.0002711251820548732 0.0003025370182491387 0.0003370559101335642 0.000375315212906666 0.00041849970418334615 0.00046886060810365395 0.0005307631069280186 0.0006129486601105604 0.0007337167449766417 0.0009337332896518609 0.0013113198639353606 0.0021335793949662234 0.004239038188164261 0.010694439649203946 0.03405258152796583 0.1223847068257647 0.3692158413602048 0.6948138144032302 0.879361245022998 0.9415498606276127 0.9552144676389258 0.9415498606276127 0.8793612450229978 0.6948138144032302 0.36921584136020463 0.12238470682576465 0.034052581527965836 0.01069443964920394 0.004239038188164259 0.002133579394966224 0.0013113198639353603 0.000933733289651861 0.0007337167449766419 0.0006129486601105603 0.0005307631069280187 0.000468860608103654 0.00041849970418334615 0.0003753152129066661 0.00033705591013356433 0.0003025370182491387 0.0002711251820548733 0.00024246983112156454 0.00021635786551498014 0.00019263545341881874 0.00017116816933855774 0.00015182296665120512 0.00013446200600852 0.00011894238147020133 0.00010511836289929992 9.284436863054263e-05 8.197781036392271e-05 7.238145605033459e-05 6.392521157944955e-05 5.648734144999189e-05 4.995519834668685e-05 4.422554725584118e-05 3.920456948330711e-05 3.480762453178401e-05 3.095883753625416e-05 2.759056896602103e-05 2.4642812660109757e-05 2.2062558525872832e-05 1.9803147665101748e-05 1.7823640390356505e-05 1.6088211540002857e-05 1.456558260961699e-05 1.3228496367706047e-05 1.2053236675351861e-05 1.1019194039649036e-05 1.0108475863475232e-05 9.305559285324474e-06 8.596983824054642e-06 7.971080662049145e-06 7.417735239874884e-06 6.928179833999267e-06 6.494812897369429e-06 6.1110421225693405e-06 5.771148409993254e-06 5.470168167670506e-06 5.203791619714575e-06 4.968275046221771e-06 4.760365111785218e-06 4.5772336583057695e-06 4.416421538146245e-06 4.27579024498804e-06 4.153480262092362e-06 4.047875191776551e-06 3.957570856925941e-06 3.881348676626343e-06 3.818152714955642e-06 3.767069886032365e-06 3.727312870905719e-06 3.6982053639549167e-06 3.6791693190799502e-06 3.6697139096496037e-06 3.6694259506328127e-06 3.6779615543528636e-06 3.695038796088224e-06 3.7204311344679515e-06 3.7539612166975167e-06 3.7954943587787278e-06 3.84492994695525e-06 3.902185431593881e-06 3.967153707383029e-06 4.039554277222772e-06 4.118324296940508e-06 4.199244741286326e-06 4.2701009004013745e-06 4.31407842566642e-06 4.32098157078629e-06]';       
xv_T= [1.2689910456782437e-05 1.2625220654186356e-05 1.2434724650923665e-05 1.2134978271647633e-05 1.1782374672115807e-05 1.143229127797571e-05 1.1094085458570725e-05 1.0768222471262379e-05 1.0454365279742008e-05 1.015209665201046e-05 9.86099726262576e-06 9.58065814293177e-06 9.310683343944082e-06 9.050690498991497e-06 8.800310783503513e-06 8.55918866128334e-06 8.326981545683e-06 8.103359426825205e-06 7.888004487948246e-06 7.680610721897854e-06 7.4808835530737645e-06 7.288539467364538e-06 7.103305651285456e-06 6.924919640932994e-06 6.753128981107942e-06 6.587690894847965e-06 6.4283719635668855e-06 6.274947817986624e-06 6.1272028400533585e-06 5.984929876046256e-06 5.847929961114937e-06 5.716012055513836e-06 5.588992792842508e-06 5.4666962406438065e-06 5.348953673759017e-06 5.235603360884711e-06 5.1264903648205625e-06 5.021466356933388e-06 4.920389446387883e-06 4.823124024701317e-06 4.7295406261610345e-06 4.639515804591833e-06 4.552932026867349e-06 4.469677583415018e-06 4.389646515763188e-06 4.312738560914501e-06 4.23885911200177e-06 4.16791919429633e-06 4.099835455206531e-06 4.034530166450925e-06 3.971931236153851e-06 3.911972228246663e-06 3.854592386349961e-06 3.7997366593875336e-06 3.7473557267587294e-06 3.697406022369951e-06 3.649849760000744e-06 3.6046549690380483e-06 3.561795563113005e-06 3.52125149200847e-06 3.4830090841873987e-06 3.4470618016607325e-06 3.413411851297419e-06 3.382073511262613e-06 3.3530797657225126e-06 3.326495067526435e-06 3.3024389667716496e-06 3.2811281445035368e-06 3.2629482513216416e-06 3.2485722125886283e-06 3.2391495916337492e-06 3.236606458375643e-06 3.2441288182885237e-06 3.2669834802380544e-06 3.314021591227545e-06 3.40065318105288e-06 3.5551247078805047e-06 3.8325960865602335e-06 4.34931410763506e-06 5.375895179827712e-06 7.635945715559552e-06 1.3470394487894648e-05 3.259570786113101e-05 0.00011991852640525353 0.0007159280817693565 0.006723802631673885 0.07857758202239094 0.4987525115347186 0.8919510336721292 0.9728323869593816 0.9834575403897936 0.9728323869593816 0.8919510336721292 0.49875251153471856 0.07857758202239093 0.006723802631673884 0.0007159280817693562 0.00011991852640525341 3.259570786113101e-05 1.3470394487894646e-05 7.635945715559552e-06 5.375895179827711e-06 4.34931410763506e-06 3.832596086560233e-06 3.555124707880504e-06 3.4006531810528784e-06 3.3140215912275436e-06 3.266983480238053e-06 3.2441288182885245e-06 3.2366064583756443e-06 3.23914959163375e-06 3.2485722125886287e-06 3.262948251321643e-06 3.2811281445035385e-06 3.3024389667716504e-06 3.326495067526434e-06 3.3530797657225126e-06 3.382073511262613e-06 3.413411851297419e-06 3.447061801660731e-06 3.483009084187399e-06 3.521251492008471e-06 3.561795563113005e-06 3.604654969038048e-06 3.6498497600007452e-06 3.697406022369951e-06 3.747355726758729e-06 3.7997366593875336e-06 3.854592386349961e-06 3.911972228246663e-06 3.971931236153851e-06 4.034530166450925e-06 4.099835455206529e-06 4.167919194296328e-06 4.238859112001769e-06 4.3127385609145e-06 4.389646515763189e-06 4.4696775834150185e-06 4.5529320268673465e-06 4.6395158045918375e-06 4.729540626161035e-06 4.823124024701318e-06 4.920389446387881e-06 5.021466356933388e-06 5.126490364820562e-06 5.235603360884709e-06 5.348953673759017e-06 5.466696240643806e-06 5.588992792842512e-06 5.716012055513837e-06 5.847929961114937e-06 5.984929876046258e-06 6.127202840053357e-06 6.274947817986624e-06 6.428371963566887e-06 6.587690894847965e-06 6.753128981107943e-06 6.924919640932992e-06 7.1033056512854566e-06 7.288539467364539e-06 7.480883553073768e-06 7.680610721897854e-06 7.88800448794825e-06 8.103359426825203e-06 8.326981545682999e-06 8.559188661283343e-06 8.800310783503513e-06 9.050690498991497e-06 9.310683343944082e-06 9.580658142931771e-06 9.860997262625758e-06 1.015209665201046e-05 1.0454365279742004e-05 1.076822247126238e-05 1.1094085458570727e-05 1.1432291277975714e-05 1.1782374672115809e-05 1.2134978271647633e-05 1.2434724650923668e-05 1.2625220654186358e-05]';
